                     SoccerGame - Description of the internal state

 P00 P01 P02 P03 P04 P05 P06 P07 P08 P09  G00 G01 G02  R01 
   0   0   0   0   0   0   0   0   0   0    0   0   0    0
   0   0   0   0   0   0   0   0   0   0    0   0   0    0
   0   0   0   0   0   0   0   0   0   0    0   0   0    0
   0   0   0   0   0   0   0   0   0   0    0   0   0    0
   0   0   0   0   0   0   0   0   0   0    0   0   0    0
   0   0   0   0   0   0   0   0   0   0    0   0   0    0
   1   0   0   0   0   0   0   0   0   0    0   0   0    0
   1   1   0   0   0   0   0   0   0   0    0   0   0    0
   1   1   0   0   0   0   0   0   0   0    0   0   0    0
   1   1   0   0   0   0   0   0   0   0    0   0   0    0
   1   1   0   0   0   0   0   0   0   0    0   0   0    0
   1   1   0   0   0   1   0   0   0   0    0   0   0    0
   1   1   0   0   0   1   0   0   0   0    0   0   0    0
   1   1   0   0   0   1   0   0   0   0    0   0   0    0
   1   1   1   0   0   1   0   0   0   0    0   0   0    0
   1   1   1   0   0   1   0   0   0   0    0   0   0    0
   1   1   1   0   0   1   0   0   0   0    0   0   0    0
   1   1   1   0   0   1   1   0   0   0    0   0   0    0
   1   1   1   0   0   1   1   0   0   0    0   0   0    0
   1   1   1   0   0   1   1   0   0   0    0   0   0    0
   1   1   1   0   0   1   1   0   0   0    2   0   0    0
   1   1   1   0   0   1   1   0   1   0    2   0   0    0
   1   1   1   1   0   1   1   0   1   0    2   0   0    0
